Central electrode (CE) code	CE index	Neighbors
A1	0	1	32	64	96	110	
A2	1	0	2	32	110	
A3	2	1	3	
A4	3	2	18	
A5	4	5	17	
A6	5	4	6	17	111	112	122	123	
A7	6	5	7	17	124	
A8	7	6	8	15	16	17	124	125	
A9	8	7	9	14	124	125	126	
A10	9	8	10	125	126	127	
A11	10	9	11	13	14	126	127	
A12	11	10	12	13	127	
A13	12	11	13	
A14	13	10	11	12	14	
A15	14	8	10	13	15	
A16	15	7	14	16	
A17	16	7	15	17	
A18	17	4	5	6	7	16	
A19	18	3	19	
A20	19	18	20	
A21	20	19	21	
A22	21	20	22	
A23	22	21	23	
A24	23	22	24	
A25	24	23	
A26	25	26	40	
A27	26	25	27	39	40	
A28	27	26	28	37	39	
A29	28	27	29	36	
A30	29	28	30	36	
A31	30	29	31	34	35	36	
A32	31	30	34	
B1	32	0	1	33	51	64	
B2	33	32	34	50	
B3	34	30	31	33	35	48	49	50	
B4	35	30	34	36	44	
B5	36	28	29	30	35	37	43	44	
B6	37	27	36	38	42	43	44	
B7	38	37	39	41	42	43	
B8	39	26	27	38	40	41	42	
B9	40	25	26	39	41	
B10	41	38	39	40	42	45	
B11	42	37	38	39	41	43	
B12	43	36	37	38	42	44	45	
B13	44	35	36	37	43	46	47	48	
B14	45	41	43	46	
B15	46	44	45	47	
B16	47	44	46	48	
B17	48	34	44	47	49	
B18	49	34	48	50	52	53	54	
B19	50	33	34	49	
B20	51	32	52	
B21	52	49	51	53	62	
B22	53	49	52	54	62	
B23	54	49	53	55	62	
B24	55	54	56	
B25	56	55	57	
B26	57	56	
B27	58	59	69	
B28	59	58	60	68	
B29	60	59	61	68	
B30	61	60	62	66	68	
B31	62	52	53	54	61	63	66	
B32	63	62	65	66	74	
C1	64	0	32	65	86	96	
C2	65	63	64	66	74	
C3	66	61	62	63	65	67	74	75	76	
C4	67	66	68	73	76	
C5	68	59	60	61	67	69	72	73	
C6	69	58	68	70	71	72	73	
C7	70	69	71	72	
C8	71	69	70	72	
C9	72	68	69	70	71	73	79	
C10	73	67	68	69	72	76	77	78	
C11	74	63	65	66	75	
C12	75	66	74	76	
C13	76	66	67	73	75	77	
C14	77	73	76	78	
C15	78	73	77	79	
C16	79	72	78	
C17	80	81	
C18	81	80	82	
C19	82	81	83	
C20	83	82	84	
C21	84	83	85	
C22	85	84	86	
C23	86	64	85	96	
C24	87	88	97	98	108	
C25	88	87	89	98	
C26	89	88	90	95	98	99	
C27	90	89	91	95	
C28	91	90	92	95	
C29	92	91	94	
C30	93	94	101	102	
C31	94	92	93	95	100	101	102	
C32	95	89	90	91	94	99	100	101	
D1	96	0	64	86	97	110	
D2	97	87	96	98	108	
D3	98	87	88	89	97	99	106	107	108	
D4	99	89	95	98	100	
D5	100	94	95	99	101	104	105	106	
D6	101	93	94	95	100	102	103	
D7	102	93	94	101	
D8	103	101	104	
D9	104	100	103	105	
D10	105	100	104	106	
D11	106	98	100	105	107	
D12	107	98	106	108	113	114	115	
D13	108	87	97	98	107	
D14	109	110	113	
D15	110	0	1	96	109	111	
D16	111	5	110	112	
D17	112	5	111	123	
D18	113	107	109	114	123	
D19	114	107	113	115	123	
D20	115	107	114	116	123	
D21	116	115	117	
D22	117	116	118	
D23	118	117	
D24	119	120	125	127	
D25	120	119	121	124	
D26	121	120	122	124	
D27	122	5	121	123	124	
D28	123	5	112	113	114	115	122	
D29	124	6	7	8	120	121	122	125	
D30	125	7	8	9	119	124	126	
D31	126	8	9	10	125	127	
D32	127	9	10	11	119	126	
