Central electrode (CE) code	CE index	Neighbors
A1	0	1	32	64	96	110	
A2	1	0	2	32	110	
A3	2	1	3	
A4	3	2	18	
A5	4	17	
A6	5	6	
A7	6	5	7	124	
A8	7	6	8	
A9	8	7	
A10	9	10	
A11	10	9	11	
A12	11	10	
A13	12	13	
A14	13	12	14	
A15	14	13	
A16	15	16	
A17	16	15	17	
A18	17	4	16	
A19	18	3	19	
A20	19	18	20	
A21	20	19	21	
A22	21	20	
A23	22	23	
A24	23	22	24	
A25	24	23	
A26	25	26	
A27	26	25	27	
A28	27	26	
A29	28	29	
A30	29	28	30	
A31	30	29	31	
A32	31	30	
B1	32	0	1	
B3	34	35	
B4	35	34	36	44	
B5	36	35	37	
B6	37	36	
B7	38	39	
B8	39	38	40	
B9	40	39	
B10	41	42	
B11	42	41	
B12	43	44	
B13	44	35	43	
B15	46	47	
B16	47	46	48	
B17	48	47	49	
B18	49	48	50	
B19	50	49	
B20	51	52	
B21	52	51	53	
B22	53	52	54	
B23	54	53	55	
B24	55	54	56	
B25	56	55	
B28	59	60	
B29	60	59	61	
B30	61	60	62	
B31	62	61	63	
B32	63	62	
C1	64	0	65	
C2	65	64	
C3	66	67	
C4	67	66	68	73	
C5	68	67	69	
C6	69	68	
C9	72	73	
C10	73	67	72	
C11	74	75	
C12	75	74	76	
C13	76	75	77	
C14	77	76	78	
C15	78	77	
C18	81	82	
C19	82	81	83	
C20	83	82	84	
C21	84	83	85	
C22	85	84	86	
C23	86	85	
C24	87	88	
C25	88	87	89	
C26	89	88	90	
C27	90	89	91	
C28	91	90	
C31	94	95	
C32	95	94	99	
D1	96	0	97	
D2	97	96	
D3	98	99	
D4	99	95	98	100	
D5	100	99	101	
D6	101	100	
D9	104	105	
D10	105	104	106	
D11	106	105	107	
D12	107	106	108	
D13	108	107	
D14	109	113	
D15	110	0	1	
D17	112	123	
D18	113	109	114	
D19	114	113	115	
D20	115	114	116	
D21	116	115	117	
D22	117	116	
D25	120	121	
D26	121	120	122	
D27	122	121	123	
D28	123	112	122	
D29	124	6	125	
D30	125	124	
D31	126	127	
D32	127	126	
